$ANSIBLE_VAULT;1.1;AES256
32633338376536663066313939316264656135396162376230323563643239326333336363663637
6264323364373363643638316537616532393934303538620a333062346462646433373238386130
37333732323963643165396265616262666637666666363337643936373938633266373934316330
3437643366313933610a623237356664633235376635623432643062653934326139386533396366
37303337383336313263353361346566333830366366613734666261356333636562636535396133
62623864646331646262326365376137663931313434383565336634653332313064636264356665
37393937353862663766363966343263363030366630373666666636663331663562346438643136
39663637363437366263393930623531613363633732323635643731323130356265393838346433
61623865646536666232393565666231613465643439393636613734363731326334613336336363
64373336393032323830373936333161383330343433646664333239343465386138633463656361
32643033623832363837663364613834386638663230366438643065633838386539373463653732
61363736363430303666613232663761336262326133656661373765666261353861363565653231
62643534373434383632643366396238336234356431366431376439366336353431373837313232
37393038346262643566653561653932336365353236393664336534313938653962353664623930
32313933663065656432666562663437646664333862343833313265623633613165323232343036
61653238303131393235353234393735333436356231373732306661636562353236373366633665
63626638653037303464393166623631326462356561396531313138376636343265386261363734
3137373864616137333239336664363639646436646138383030
